Arm                   ,    Bein                   ,    Rumpf                ,    Kopf
L=0.1123m             ,    L=0.1488m              ,    L=0.0924m            ,    L=0.045m
0.0168                ,    0.0124                 ,    0.0398               ,    0.0221
0.0126                ,    0.0202                 ,    0.0341               ,    0.0259
0.0162                ,    0.0173                 ,    0.0253               ,    0.0308
0.0135                ,    0.0156                 ,    0.0252               ,    0.0309
0.0109                ,    0.0112                 ,    0.0364               ,    0.0236
0.0146                ,    0.0159                 ,    0.0391               ,
0.0128                ,    0.0154                 ,    0.0402               ,
0.0111                ,    0.0117                 ,    0.0415               ,
Mittelwert
0.013562500000000002  ,    0.0149625              ,    0.035199999999999995 ,    0.02666
Standardabweichung
0.0020365028234696847 ,    0.0028665909631476897  ,    0.006141253943617705 ,    0.0036291045727562055
Varianz
0.0007200124781904822 ,    0.001013492954464904   ,    0.002171261154260353 ,    0.0016229849044276413
