0      0.74
1      0.34
2      0.66
3      0.73
4      0.63
5      0.8
6      0.82
7      0.41
8      1.1
9      0.8
10     0.94
11     1.8
12     1.2
13     1.1
14     4.5
15     2.95
16     2.6
17     9.8
18     6.4
19     5.75
20    27.5
20.5  30.0
21    21.0
21.5   9.0
22    21.0
22.5  95.0
23   210.0
23.5 395.0
24   560.0
24.5 650.0
25   630.0
25.5 500.0
26   320.0
26.5 140.0
27    60.0
27.5  18.0
28    20.0
28.5  36.0
29    40.0
29.5  28.0
30    11.0
31     4.9
32    12.0
33     7.6
34     6.0
35    10.0
36     5.0
37     2.4
38     3.95
39     1.5
40     1.4
41     2.8
42     0.9
43     1.5
44     2.8
45     1.0
46     0.8
47     1.6
48     1.0
49     0.08
50     1.2  
