0     0.12
1     0.24
2     0.43
3     0.25
4     0.28
5     0.3
6     0.52
7     0.5
8     0.39
9     0.98
10    0.7
11    1.6
12    0.8
13    1.4
14    3.9
15    1.4
16    3.5
17    2.75
18    4.8
19    7.5
20    12
20.5  34
21    50
21.5  36
22    12
22.5  18
23   100
23.5 240
24   400
24.5 480
25   420
25.5 275
26   110
26.5  36
27    12
27.5  23
28    26
28.5  16
29     6
29.5   6.2
30     9.8
31     7.2
32     2.8
33     6.4
34     1.8
35     1.5
36     2.3
37     1.2
38     0.8
39     0.5
40     0.8
41     0.96
42     1.8
43     1.75
44     0.44
45     0.62
46     0.56
47     0.7
48     0.66
49     0.31
50     0.8
