0         1.2
1         0.34
2         2.3
3         0.64
4         2.8
5         0.9
6         2
7         0.9
8         0.6
9         0.5
10         0.48
11         1.6
12         1
13        10
14         2.3
15        26
16         6
17        52
18        14
19        72
20        38
20.5      90
21        72
21.5      14
22        72
22.5      95
23        50
23.5      24
24        98
24.5     100
25        30
25.5      38
26       100
26.5      70
27        14
27.5      50
28        78
28.5      38
29         8
29.5      38
30        45
30.5      13
31         8.8
31.5      19
32        14
33         4.2
34         3.4
35         1.1
36         0.5
37         2.1
38         1.3
39         6.6
40         2.0
41         9.3
42         2.4
43         7.6
44         2.2
45         3.8
46         1.2
47         1.0
48         0.42
49         0.33
50         0.6
