      9421
      9281
      8710
      9063
      9262
      9573
      9297
      9502
      8839
      9411
      9039
      9442
      9371
      9533
      9016
      9549
      9196
      8931
      8965
      9403
      8861
      9508
      9545
      9432
      9465
      8888
      9010
      9052
      8610
      9707
      9781
      9734
      9560
      9267
      9166
      9568
      9505
      9836
      9255
      9090
      9768
      9016
      9158
      9300
      9567
      9169
      9399
      9015
      8701
      9601
      9237
      9217
      9031
      8894
      8861
      9063
      8965
      9306
      9516
      9464
      9392
      8964
      9196
      9438
      9648
      9256
      9565
      9588
      9263
      9740
      9522
      9482
      9653
      9562
      8925
      9599
      8933
      9103
      9261
      8790
      9387
      9064
      9583
      9528
      8976
      9002
      9452
      9040
      8800
      9077
      9427
      8863
      8849
      9432
      8892
      8894
      9217
      9355
      9209
      9330
